dd <- structure(list(a = c(181.25, 181.25, 183.5, 184, 180.25, 183.75, 
177, 182.25, 184, 185, 185.25, 187, 178, 181.5, 185.5, 187.25, 
187, 184.25, 181.25, 185.25, 177.5, 178, 186.5, 186.75, 181.5, 
178.25, 186.5, 185, 178.25, 188.75, 185.25, 187.5, 187.5, 180.5, 
178, 183.5, 179.5, 184.25, 186, 184.25, 184, 180.5, 185.5, 180.5, 
178.75, 183.5, 183, 179.75, 185, 185.25, 188, 182, 180, 179.5, 
188.5, 184.25, 181.5, 183.5, 185.25, 181.25, 183.5, 178, 177, 
186.5, 184.75, 177.5, 182.75, 181, 178.75, 180.5, 178.25, 177.75, 
186, 181.75, 181.25, 178.25, 179.5, 178, 181, 181.5, 181.25, 
185, 179.75, 179.25, 188.75, 181.5, 183.25, 186, 185, 183.5, 
180.25, 183.25, 179.5, 180.25, 181.25, 180.75, 181.25, 182.5, 
186, 186.5, 179, 183, 186, 180.5, 178.5, 178.75, 180, 187.25, 
182.75, 178, 180.25, 178, 183.5, 184.75, 184.5, 182.75, 186.75, 
180, 180.75, 179.25, 177.25, 178, 178.25, 179.75, 181.25, 179.5, 
183, 187.5, 183, 179.25, 188, 190, 184, 181.25, 179.25, 183, 
184, 178, 180.75, 185.5, 185.5, 180, 180.25, 184.25, 180, 181, 
187, 185.25, 179.25, 181.5, 177.25, 186.75, 179.25, 180.75, 187, 
181.25, 181, 183.5, 182.25, 178.75, 181.5, 178.5, 181.75, 182.75, 
188.5, 184.25, 188, 185, 185, 184.5, 186.25, 179.5, 186.5, 180.5, 
187, 181.5, 180.25, 185, 186.75, 183, 177.25, 180, 184.25, 184.75, 
182, 186.75, 181, 178.5, 186.25, 180, 178.75, 185.5, 179.75, 
182.5, 180.25, 186.75, 178.75, 182.5, 181.75, 187.25, 184, 182, 
184.25, 178.75, 181.5, 179, 185, 180.5, 186.75, 184.25, 177.75, 
180.75, 179, 186.5, 182, 182.5, 187, 182.75, 183.25, 185, 184.75, 
181.5, 179.5, 178.75, 181.75, 179, 184.75, 184, 178, 180, 184.75, 
179.75, 182.5, 179.5, 181.25, 181, 186.5, 180.25, 185.75, 186, 
183, 177.75, 178, 186.75, 184.75, 185, 178.75, 179.5, 178.5, 
178.75, 180.5, 184, 184, 186.75, 187, 183.75, 189.25, 186, 184.75, 
186.75, 187.75, 181.75, 185.75, 186.75, 182.75, 182.5, 179.5, 
184.75, 179.75, 186, 180.25, 182.25, 181.75, 182.75, 179.5, 180.25, 
182, 187.25, 184.75, 183.5, 180.25, 185.25, 179.75, 179.75, 181.75, 
186, 181.5, 184.25, 178.25, 182.5, 187.5, 179.75, 183.25, 187.25, 
184.5, 184, 185.75, 178.25, 180.25, 180, 187, 178.5, 183.5, 187.5, 
178, 179, 181.75, 182.25, 187, 179.5, 181.5, 183.25, 183.25, 
187, 182.5, 181.5, 181, 187.5, 181.5, 181.5, 180.5, 186.5, 188, 
186.75, 182.25, 187.25, 178.25, 181.25, 178, 186.5, 187, 186, 
185, 178.5, 178.75, 184.5, 180.25, 182.75, 184.25, 186.75, 184.5, 
187, 181.75, 184, 183, 180.5, 177.75, 180.25, 177.25, 183.25, 
178.25, 181.25, 179.75, 182.5, 187.25, 179.75, 178.25, 178.25, 
180.25, 187.5, 177.25, 186.25, 177.75, 185.25, 182.25, 178.5, 
184.25, 183.5, 188.25, 178.75, 183.75, 179.5, 185.25, 187.25, 
176.75, 180.5, 177.75, 178.5, 179.25, 181.75, 181, 184.25, 179.5, 
185.75, 180.5, 179, 182, 187.5, 179.5, 180.75, 182.75, 180.5, 
184.25, 186.5, 179.75, 180.5, 185.5, 182, 179.5, 186, 179.5, 
178, 184.5, 179, 179.75, 183.25, 184.25, 179, 187.25, 186.25, 
183.5, 180.75, 182.5, 178, 186.5, 180.75, 179.25, 181.25, 184.25, 
187.75, 185, 183.25, 179.25, 186.25, 183, 180, 181.25, 188, 181, 
185.25, 179.5, 180, 180, 178.75, 185.75, 186, 179.5, 180.75, 
186, 187, 178, 183, 187, 183, 186.25, 182.25, 185.25, 184.75, 
179, 186.75, 181.75, 178.75, 182.75, 179.5, 187, 178.25, 180, 
178, 183.25, 180, 187.75, 184.25, 179.75, 179, 178, 178.75, 178, 
187.25, 179, 181.5, 184.75, 181.25, 178.25, 180.5, 186, 184, 
177.5, 186.25, 187, 181.5, 177.25, 188, 183.75, 180, 180.75, 
185.5, 181, 181.75, 183.25, 183.75, 187, 186.5, 187.75, 182.75, 
181, 187.25, 186.25, 187.75, 180.25, 178.75, 178.75, 181.25, 
183.75, 183, 184, 182.25, 178.75, 177.25, 179.75, 184.5, 185.5, 
178.25, 178.5, 178, 187.5, 187.25, 182, 179.25, 180.5, 186, 186.5, 
183, 186, 184.25, 178.5, 183.25, 186.75, 182.5, 186.5, 177.75, 
181.75, 180.25, 184, 185.25, 182, 182.5, 182.5, 178.25, 184.5, 
179.75, 182.75, 185, 186.75, 180.25, 185.25, 178.5, 182.5, 183, 
178.25, 178.5, 179, 178.5, 178, 180, 179.25, 186.75, 181.5, 182.5, 
187.5, 179.75, 187, 182.25, 178, 184.75, 183.75, 179, 184.25, 
186, 180.5, 182, 178.5, 181, 187.25, 184.5, 185, 179.75, 180.5, 
182.5, 180.5, 187.75, 181.25, 179.75, 188, 181.75, 185.5, 190, 
182.75, 183.5, 178.25, 182.25, 186.5, 178.25, 182.25, 182.75, 
180, 178.75, 185.75, 177.25, 183, 186.75, 178.75, 183.5, 181, 
183, 186.75, 184.75, 178.25, 184, 177.5, 181.25, 179.75, 179.25, 
180.5, 187.25, 182.75, 181.75, 184.25, 185.75, 177.25, 183, 179, 
186.75, 185.75, 178.75, 180.25, 182.75, 179.25, 180.25, 183.25, 
182.5, 184.25, 178, 177.5, 179, 188.75, 178, 180, 179.25, 178, 
185.5, 181, 185.5, 184.25, 178.75, 180, 178.5, 178.75, 177, 179, 
184.25, 186, 183.25, 185.25, 187.25, 184, 186, 178, 177.25, 187, 
180, 187, 180.5, 186, 180.75, 184.5, 183, 179, 178.5, 185.25, 
180.5, 182.5, 184.5, 186.5, 183, 183.5, 185.75, 182.5, 179.25, 
178.5, 181.5, 182.5, 179.25, 184.75, 186, 187.25, 186.5, 185.5, 
188, 181.75, 186.5, 178.25, 187.25, 179.75, 181.75, 183.75, 184.5, 
179, 184.25, 183, 187.25, 181.75, 184.25, 182.5, 179.5, 188.75, 
182, 185.75, 185.75, 180.25, 182.5, 177.25, 188.25, 187.5, 186, 
183, 180.75, 178, 180.25, 185.5, 178.75, 179.25, 188.75, 182, 
179, 180, 178.75, 183.5, 183.5, 183, 182.75, 182.75, 183.25, 
185.75, 185.25, 184.75, 188, 177.75, 178.25, 180.75, 178.75, 
180.75, 185.5, 177.5, 183.25, 177.25, 183, 178, 183.5, 178.5, 
181.5, 185.25, 181, 187.25, 179.5, 180.5, 188.5, 181.25, 183.25, 
182, 178.25, 178.75, 177.25, 184.5, 178.25, 181.75, 180, 184.25, 
186.5, 181.25, 179, 178.5, 181, 179.75, 180.25, 186.5, 185, 184.25, 
185, 178.5, 180.25, 184, 180.5, 181, 185.5, 183.75, 180.75, 182.75, 
187.75, 178, 182.75, 182, 178.25, 179.75, 180.25, 184, 184, 177.25, 
184.75, 179, 177.75, 181, 186.25, 180.75, 181.25, 184.75, 178.75, 
183.25, 182.75, 180, 182.25, 181.5, 181.5, 180.5, 178, 184.5, 
186.25, 184.25, 186.25, 180, 178.75, 184.5, 182.25, 182.75, 184, 
178.25, 178, 179.5, 183, 180.5, 178.75, 179.5, 180, 188.5, 183, 
181, 181.5, 177.25, 185.75, 184, 183, 178.75, 179.5, 178.25, 
187.25, 179.5, 178, 181.75, 187.25, 181.25, 181.5, 177.5, 183.5, 
182.5, 184.25, 186.5, 185.5, 184.5, 180.25, 186.5, 187.75, 178.5, 
185.25, 179, 182.25, 182.75, 184, 181, 178.75, 187, 182, 185.75, 
179.5, 184.75, 181.75, 178.25, 186.25, 179.75, 184, 184.75, 185.75, 
181, 183.5, 179.5, 184.75, 182.25, 186.5, 179, 178.75, 182.5, 
178, 184.5, 181, 181, 187.25, 185.25, 183.5, 179, 185.5, 182.25, 
180.25),